m=[0   0.3 0   0.3 0; %r
   0.3 0   0.3 0.1 0; %o
   0   0.2 0   0.2 0; %m
   0.7 0   0.7 0   0; %a
   0   1/2 0   0.4 0]; %.